160
0 1 9 10
1 2 10 11
2 3 11 12
3 4 12 13
4 5 13 14
5 6 14 15
6 7 15 16
7 8 16 17
9 10 18 19
10 11 19 20
11 12 20 21
12 13 21 22
13 14 22 23
14 15 23 24
15 16 24 25
16 17 25 26
18 19 27 28
19 20 28 29
20 21 29 30
21 22 30 31
22 23 31 32
23 24 32 33
24 25 33 34
25 26 34 35
27 28 36 37
28 29 37 38
29 30 38 39
30 31 39 40
31 32 40 41
32 33 41 42
33 34 42 43
34 35 43 44
36 37 45 46
37 38 46 47
38 39 47 48
39 40 48 49
40 41 49 50
41 42 50 51
42 43 51 52
43 44 52 53
45 46 54 55
46 47 55 56
47 48 56 57
48 49 57 58
49 50 58 59
50 51 59 60
51 52 60 61
52 53 61 62
54 55 63 64
55 56 64 65
56 57 65 66
57 58 66 67
58 59 67 68
59 60 68 69
60 61 69 70
61 62 70 71
63 64 72 73
64 65 73 74
65 66 74 75
66 67 75 76
67 68 76 77
68 69 77 78
69 70 78 79
70 71 79 80
72 73 81 82
73 74 82 83
74 75 83 84
75 76 84 85
76 77 85 86
77 78 86 87
78 79 87 88
79 80 88 89
81 82 90 91
82 83 91 92
83 84 92 93
84 85 93 94
85 86 94 95
86 87 95 96
87 88 96 97
88 89 97 98
90 91 99 100
91 92 100 101
92 93 101 102
93 94 102 103
94 95 103 104
95 96 104 105
96 97 105 106
97 98 106 107
99 100 108 109
100 101 109 110
101 102 110 111
102 103 111 112
103 104 112 113
104 105 113 114
105 106 114 115
106 107 115 116
108 109 117 118
109 110 118 119
110 111 119 120
111 112 120 121
112 113 121 122
113 114 122 123
114 115 123 124
115 116 124 125
117 118 126 127
118 119 127 128
119 120 128 129
120 121 129 130
121 122 130 131
122 123 131 132
123 124 132 133
124 125 133 134
126 127 135 136
127 128 136 137
128 129 137 138
129 130 138 139
130 131 139 140
131 132 140 141
132 133 141 142
133 134 142 143
135 136 144 145
136 137 145 146
137 138 146 147
138 139 147 148
139 140 148 149
140 141 149 150
141 142 150 151
142 143 151 152
144 145 153 154
145 146 154 155
146 147 155 156
147 148 156 157
148 149 157 158
149 150 158 159
150 151 159 160
151 152 160 161
153 154 162 163
154 155 163 164
155 156 164 165
156 157 165 166
157 158 166 167
158 159 167 168
159 160 168 169
160 161 169 170
162 163 171 172
163 164 172 173
164 165 173 174
165 166 174 175
166 167 175 176
167 168 176 177
168 169 177 178
169 170 178 179
171 172 180 181
172 173 181 182
173 174 182 183
174 175 183 184
175 176 184 185
176 177 185 186
177 178 186 187
178 179 187 188
