189
1 0
1.5 0
2 0
2.5 0
3 0
3.5 0
4 0
4.5 0
5 0
1 0.125
1.5 0.125
2 0.125
2.5 0.125
3 0.125
3.5 0.125
4 0.125
4.5 0.125
5 0.125
1 0.25
1.5 0.25
2 0.25
2.5 0.25
3 0.25
3.5 0.25
4 0.25
4.5 0.25
5 0.25
1 0.375
1.5 0.375
2 0.375
2.5 0.375
3 0.375
3.5 0.375
4 0.375
4.5 0.375
5 0.375
1 0.5
1.5 0.5
2 0.5
2.5 0.5
3 0.5
3.5 0.5
4 0.5
4.5 0.5
5 0.5
1 0.625
1.5 0.625
2 0.625
2.5 0.625
3 0.625
3.5 0.625
4 0.625
4.5 0.625
5 0.625
1 0.75
1.5 0.75
2 0.75
2.5 0.75
3 0.75
3.5 0.75
4 0.75
4.5 0.75
5 0.75
1 0.875
1.5 0.875
2 0.875
2.5 0.875
3 0.875
3.5 0.875
4 0.875
4.5 0.875
5 0.875
1 1
1.5 1
2 1
2.5 1
3 1
3.5 1
4 1
4.5 1
5 1
1 1.125
1.5 1.125
2 1.125
2.5 1.125
3 1.125
3.5 1.125
4 1.125
4.5 1.125
5 1.125
1 1.25
1.5 1.25
2 1.25
2.5 1.25
3 1.25
3.5 1.25
4 1.25
4.5 1.25
5 1.25
1 1.375
1.5 1.375
2 1.375
2.5 1.375
3 1.375
3.5 1.375
4 1.375
4.5 1.375
5 1.375
1 1.5
1.5 1.5
2 1.5
2.5 1.5
3 1.5
3.5 1.5
4 1.5
4.5 1.5
5 1.5
1 1.6
1.5 1.6
2 1.6
2.5 1.6
3 1.6
3.5 1.6
4 1.6
4.5 1.6
5 1.6
1 1.7
1.5 1.7
2 1.7
2.5 1.7
3 1.7
3.5 1.7
4 1.7
4.5 1.7
5 1.7
1 1.8
1.5 1.8
2 1.8
2.5 1.8
3 1.8
3.5 1.8
4 1.8
4.5 1.8
5 1.8
1 1.9
1.5 1.9
2 1.9
2.5 1.9
3 1.9
3.5 1.9
4 1.9
4.5 1.9
5 1.9
1 1.925
1.5 1.925
2 1.925
2.5 1.925
3 1.925
3.5 1.925
4 1.925
4.5 1.925
5 1.925
1 1.95
1.5 1.95
2 1.95
2.5 1.95
3 1.95
3.5 1.95
4 1.95
4.5 1.95
5 1.95
1 1.975
1.5 1.975
2 1.975
2.5 1.975
3 1.975
3.5 1.975
4 1.975
4.5 1.975
5 1.975
1 2
1.5 2
2 2
2.5 2
3 2
3.5 2
4 2
4.5 2
5 2
